              precision    recall  f1-score   support

           0     1.0000    0.9980    0.9990      9994
           1     1.0000    1.0000    1.0000      8492
           2     1.0000    1.0000    1.0000       940
           3     1.0000    1.0000    1.0000       415
           4     0.8020    1.0000    0.8901        81
           5     1.0000    0.9750    0.9873        40
           6     1.0000    1.0000    1.0000        31
           7     1.0000    1.0000    1.0000         6
           8     1.0000    1.0000    1.0000         1
           9     0.0000    0.0000    0.0000         0

    accuracy                         0.9990     20000
   macro avg     0.8802    0.8973    0.8876     20000
weighted avg     0.9992    0.9990    0.9990     20000

Accuracy: 0.9990  Macro-F1: 0.8876
