              precision    recall  f1-score   support

           0     1.0000    1.0000    1.0000      9994
           1     1.0000    1.0000    1.0000      8492
           2     1.0000    1.0000    1.0000       940
           3     1.0000    1.0000    1.0000       415
           4     1.0000    1.0000    1.0000        81
           5     1.0000    1.0000    1.0000        40
           6     1.0000    1.0000    1.0000        31
           7     1.0000    1.0000    1.0000         6
           8     1.0000    1.0000    1.0000         1

    accuracy                         1.0000     20000
   macro avg     1.0000    1.0000    1.0000     20000
weighted avg     1.0000    1.0000    1.0000     20000

Accuracy: 1.0000  Macro-F1: 1.0000
